100 10 10 10 1 
fin
0.0 0.0 0.0 0.0 0.0 0.0 0.0 0.0 0.0 0.0 0.0 0.0 0.0 0.0 0.0 0.0 0.0 0.0 0.0 0.0 0.0 0.0 0.0 0.0 0.0 0.0 0.0 0.0 0.0 0.0 0.0 0.0 0.0 0.0 0.0 0.0 0.0 0.0 0.0 0.0 0.0 0.0 0.0 0.0 0.0 0.0 0.0 0.0 0.0 0.0 0.0 0.0 0.0 0.0 0.0 0.0 0.0 0.0 0.0 0.0 0.0 0.0 0.0 0.0 0.0 0.0 0.0 0.0 0.0 0.0 0.0 0.0 0.0 0.0 0.0 0.0 0.0 0.0 0.0 0.0 0.0 0.0 0.0 0.0 0.0 0.0 0.0 0.0 0.0 0.0 0.0 0.0 0.0 0.0 0.0 0.0 0.0 0.0 0.0 0.0 
0.0 0.0 0.0 0.0 0.0 0.0 0.0 0.0 0.0 0.0 
0.0 0.0 0.0 0.0 0.0 0.0 0.0 0.0 0.0 0.0 
0.0 0.0 0.0 0.0 0.0 0.0 0.0 0.0 0.0 0.0 
0.0 
fin
-0.9898039 -0.05091158 1.6308247 1.4422619 1.3057654 -0.9515846 0.42512882 0.31031793 -0.31695342 1.1489886 1.7313361 -0.51610667 -0.12254208 1.2741581 1.5120785 1.0965321 0.03243129 0.47186503 -0.027210876 -0.09972456 1.4139192 -0.37705588 -0.6684504 -0.96016794 -0.7630792 0.2411627 -0.45455545 1.6748756 1.1004614 1.0503358 1.7295014 1.7859421 0.45323986 -0.013438948 0.9566322 1.9406242 -0.7904669 0.41901597 -0.16450322 1.5578661 -0.05943259 0.24321297 1.6812476 -0.3893789 0.11816572 0.42091 -0.6139485 0.9706562 1.1905285 1.4113351 1.9027345 -8.129607E-4 -0.40245607 -0.88453513 -0.052972954 -0.8725505 -0.28206882 1.280298 1.1355965 1.3368819 -0.91924536 -0.6297219 1.4877839 1.51415 0.31120503 -0.22635287 1.4313308 1.2880962 -0.99799204 0.17570291 1.2986836 1.9996732 -0.5537049 0.5027247 0.36986005 1.2651998 -0.34970784 1.3703896 0.0077327513 1.6840098 1.1240269 0.2635057 0.5283771 1.7641134 -0.34605977 0.7700084 -0.59769356 -0.97616297 -0.015698243 0.15507919 0.17622216 -0.6933405 1.3068826 1.0629605 0.541022 1.2080991 1.5342158 1.104871 1.8769643 1.3206412 
0.93333083 0.3395674 1.4276294 0.8615293 -0.6974076 -0.70617056 0.95967823 1.1803854 -0.5938562 -0.73036426 0.019238768 -0.6382689 1.4312757 0.32677516 0.4191389 0.89998525 -0.24368742 1.809643 -0.895813 0.15434933 0.16255596 0.75182134 1.7265855 -0.23295711 0.45114422 1.6384325 0.04911228 1.0564054 1.21903 0.8066563 0.86997706 0.81292254 0.9891583 1.9609258 0.78618807 -0.50359327 0.16491765 -0.66899574 0.17691307 -0.6390041 -0.8234694 1.1537455 1.1749259 1.1657107 -0.6762884 -0.06949784 1.704498 1.7651979 -0.8806186 -0.77569026 0.6006502 -0.706099 0.26190153 -0.94032776 1.1418252 -0.45259553 0.004778416 -0.08694735 -0.9870145 -0.6025628 1.3696266 0.730479 1.6547772 -0.3980882 1.257369 -0.24531302 1.7646592 0.16623437 1.8930396 0.06646904 0.4800618 1.0353239 0.61234164 -0.24932246 -0.16272494 0.8605572 1.9060496 0.10616032 -0.028543705 -0.3218508 1.0362443 0.14198928 1.892931 0.25485688 0.023398349 -0.42187122 -0.3350705 -0.5432014 1.1281694 0.79644614 1.8254147 -0.8495725 0.17738482 1.5313509 1.9575793 -0.7099681 1.8586133 1.1178116 1.212979 0.12586659 
1.3501656 -0.8630334 0.19676282 1.0323169 0.61323303 -0.24231534 1.9216425 -0.725594 0.16619207 -0.031318102 -0.59529346 -0.22670503 0.53797644 0.8218115 0.84237736 -0.8713866 0.1920151 -0.6780513 0.027417906 -0.65937567 -0.88098574 1.266235 -0.016794458 1.0019599 -0.10661517 -0.30615193 1.079091 1.5091736 -0.33763665 1.8705685 1.7594283 0.2562902 -0.8955712 1.962849 0.76344585 -0.6737988 0.5410387 -0.15350565 -0.41326272 1.8976326 -0.65188915 -0.8013933 1.0984107 1.4080607 0.15628132 1.7934297 -0.09306303 1.3248327 1.6346473 0.6612137 0.7922157 1.756615 1.3614259 0.07550543 0.9264457 -0.9770692 -0.6439755 -0.68441176 1.651466 0.9266631 1.4740347 -0.055202466 0.383643 -0.6390473 1.0723464 0.49642348 0.61430484 0.96859545 1.9608277 0.593932 -0.169221 1.5373441 0.86250204 1.391083 -0.9472347 -0.78225434 0.65792924 0.73478484 0.24812233 -0.7749123 0.79642415 -0.068216786 -0.10414199 -0.77586734 -0.95346886 1.3838971 0.77355397 0.019129505 0.5316977 0.55450827 1.2695539 0.32305083 0.6587335 1.5746516 -0.5748124 0.7987988 -0.2711174 -0.6708208 -0.4078046 -0.79562646 
0.878569 -0.8100878 1.2382753 -0.5812248 0.61106914 1.9616331 -0.5359275 1.0726117 -0.43417704 0.8323219 -0.3088215 1.4844235 1.4271317 1.0557727 0.08690851 0.19810358 -0.58038706 0.34446758 0.7444937 0.33131695 -0.41468215 0.021888623 -0.4181108 -0.09650422 0.23949999 1.5377411 -0.421983 1.4571298 1.5903794 -0.5996372 -0.50193715 0.9540706 -0.3206544 1.2397621 1.4417527 0.44205 0.64154303 0.30471444 -0.57215655 -0.17637235 1.2878003 -0.28677845 -0.06554009 1.0808126 0.69290966 0.55525476 0.9830317 -0.5369448 1.9401275 0.3371674 1.1574388 1.3822192 -0.81870663 0.2516374 0.5870911 0.34583804 0.7475905 0.0043763765 -0.7220719 0.774788 -0.5639944 1.005147 0.6116831 1.1027727 0.65788364 -0.1409257 0.2547113 1.8760211 0.1952194 -0.45427203 -0.69266653 1.7602615 0.014210415 -0.54660475 -0.60180444 1.0839431 0.8398364 -0.13300534 -0.49648464 1.5701878 -0.9717986 -0.27908722 -0.38098812 -0.46532193 -0.61457795 1.2842158 -0.18314368 1.8257537 1.387982 1.2757641 -0.7755183 0.82296354 -0.37422103 -0.90223545 -0.17382544 -0.77770615 -0.7416348 0.8631854 0.9923812 0.31518218 
0.5731045 0.4552031 -0.48949662 0.92423666 0.010709227 0.17949103 -0.6744792 0.64330125 -0.08300848 0.29361868 1.7934698 1.1734722 0.064528145 0.20197827 1.0991085 -0.42322084 -0.671156 1.3919729 1.2847831 1.6265701 -0.009230979 1.6142207 0.9743262 -0.2979042 -0.5047531 -0.6826531 -0.79235363 -0.012998203 0.75409216 1.289874 1.0440671 0.53493905 1.7440115 0.11541405 0.65081203 -0.035218466 1.886593 1.4570433 -0.2828281 -0.14632744 1.6518594 1.387551 0.79371595 -0.57142234 1.7314377 1.177032 1.4125183 0.2051351 1.2372348 0.12808806 1.7676138 0.4290117 -0.6368138 1.9882123 -0.84161496 -0.29246354 -0.693344 0.08518863 0.45759034 0.9293521 1.0499742 0.3254243 1.7503117 -0.8726897 0.4368694 0.757832 -0.15880802 -0.5431784 0.23270573 1.0082713 1.6647687 1.7246678 -0.9773921 0.9498946 0.45557052 1.379235 0.35777533 -0.987507 0.9812465 -0.04365248 1.4334949 0.7434144 1.7610642 -0.21069995 1.9107021 -0.49786952 -0.12883191 1.5486946 1.5222858 0.9837064 1.8500192 -0.5336729 0.14904507 -0.8772679 0.14455034 -0.1701495 1.4555035 0.9888612 1.4218907 -0.61088353 
-0.46586335 0.6219217 1.2264495 1.6499898 -0.22806111 0.06074691 0.62424123 1.3453293 0.7804223 1.4244825 0.0072843926 0.9518224 0.39676255 0.08263225 -0.20809963 1.9222116 0.3932946 -0.4656823 1.2092417 1.36974 -0.47938466 0.10569643 -0.1959214 -0.18009853 1.6647425 -0.105776474 0.98032665 -0.84293395 1.3710876 0.15684305 1.2505194 1.0706469 0.5358004 1.2682236 1.5867991 1.811283 0.6409055 1.0029466 0.84771127 -0.53630227 1.2985339 -0.025186528 -0.5044526 0.7334297 -0.89423925 1.0199941 -0.1281293 0.20334092 0.41329327 1.3704545 1.6126891 -0.09625563 1.5537168 1.1388681 -0.7015636 0.092620894 0.71408457 1.0689584 -0.88703555 1.1644895 -0.19051239 0.3805808 1.9283906 0.04529414 0.25224274 -0.47062826 1.6993675 0.07739465 1.0809158 1.8635076 -0.33357316 -0.16533867 -0.6548264 -0.7326363 1.5808647 1.3606185 0.11048938 -0.26652598 0.3308591 0.22669187 1.6621122 1.8562948 0.020287337 0.46726674 -0.70960134 0.1249793 1.3153635 -0.023429204 1.892403 0.6400947 -0.78904766 1.6389992 1.8168864 -0.06915724 0.95137435 0.7184597 1.2983291 -0.12617439 1.290255 0.8040242 
1.2924495 1.7140343 0.396599 -0.6609547 1.9487569 1.4960198 -0.07904974 -0.34751523 1.5843179 0.683529 -0.29900587 1.7412672 0.6303194 1.178824 0.69938356 0.92901665 -0.24098709 0.8899441 1.1969067 0.06490618 -0.05915403 1.3997082 1.6880366 1.2396817 1.291067 1.8344 -0.69522274 0.46000123 -0.51189315 1.4877243 1.003643 0.27264076 0.42256576 -0.3627886 1.5701183 -0.71008515 1.3682092 0.8029898 1.8522818 -0.8662982 -0.9192028 -0.25325534 1.6882218 0.17663923 1.4458772 1.69499 -0.2682172 1.7183869 0.72975063 1.3589828 -0.45618162 0.35330382 1.9501407 -0.638889 -0.67943585 -0.5803724 0.91260713 0.38515803 0.4874278 1.2051291 -0.718752 1.2394667 0.08095634 -0.73076814 1.7824777 0.8949594 1.8408443 -0.7342647 0.8182031 1.1687701 -0.24647132 1.7024503 1.1724178 0.41319904 1.992361 1.2263855 -0.5456707 0.3789186 -0.75990194 -0.7783614 -0.9081042 -0.92754537 -0.15650468 0.28374073 -0.7030948 0.5253649 0.4743156 -0.41414765 1.5576607 0.30049065 1.8477854 -0.5038784 0.86378515 1.2205743 -0.630554 0.5146831 0.32408518 0.82996553 0.19602346 0.35718638 
1.7157178 1.5342417 0.73596483 -0.3175739 -0.05236532 1.382382 1.1326146 -0.98155516 -0.5682722 -0.88561153 -0.5114472 1.1146475 1.7009062 0.98140085 0.10083584 0.8094791 1.9091226 -0.020454727 1.3323268 0.99776465 0.924228 1.7630109 0.5293006 0.5846759 -0.5975481 -0.88708276 0.97758365 0.8858239 0.43863142 1.744986 -0.3131338 -0.2824918 -0.06869799 -0.869953 -0.61390626 0.90815973 0.008575647 1.808624 -0.54630125 1.4925498 1.975434 1.1690283 -0.5909224 1.906864 0.8498726 0.38094932 0.6239942 -0.69791603 1.6402857 -0.1638448 -0.88018394 1.1370481 1.9747018 -0.40452975 0.9416422 0.35976753 0.2689997 -0.9894994 1.5696145 0.47345796 1.9661931 0.726624 -0.686159 1.4661044 0.18026014 0.99575627 -0.68949795 0.7449307 1.0435686 -0.24493997 1.5345649 0.8323922 -0.07691218 0.58542776 1.6747632 -0.04738427 -0.75973266 0.8345719 -0.91386545 -0.97272974 1.0990311 0.95467174 1.8990253 0.98847777 -0.1656625 -0.9737808 -0.019374734 1.1794043 1.343488 0.8379481 -0.46052834 -0.930416 1.1216053 -0.30633023 0.654236 0.2312474 -0.3350323 1.8456348 0.49948767 -0.8818125 
-0.4741575 -0.57221264 1.1711744 -0.079045214 1.6037319 0.7487147 -0.9415073 -0.5659229 -0.010040379 0.46971127 -0.313308 -0.24897823 -0.7617275 1.2996479 0.8790225 1.0419109 -0.1410514 0.20326373 0.06903757 0.04823555 -0.29539707 1.4919105 0.6611803 -0.6786569 -0.9530967 1.3657209 -0.39935765 1.3873531 -0.71776134 0.5639509 0.27289522 0.99109626 -0.20125285 0.25034314 1.9029464 1.9528971 -0.6873988 -0.6973672 0.6570282 0.5181167 -0.4307452 0.72474104 -0.33721754 1.8581986 1.7187206 0.3823841 1.9059954 -0.62160325 -0.88925064 0.3488795 -0.41900074 1.8518673 0.6986326 0.63212997 0.5825971 1.3456231 0.37908912 1.4226241 0.5293075 0.36488548 0.9159636 0.13710456 0.8483104 -0.5088442 -0.75344634 -0.058237206 -0.5543225 -0.27406535 1.5734371 0.91645634 -0.79567766 0.34065524 -0.73313713 0.22259861 -0.9817586 1.6795872 0.96255654 1.5899862 -0.1958262 -0.36879006 -0.38839623 1.9060327 0.3438561 -0.6202987 -0.748537 -0.14466903 0.6206069 -0.090001814 -0.22522832 0.20099469 1.0649178 -0.31642586 0.692365 -0.2522986 1.589034 -0.90979475 0.28749695 1.2447824 0.29874775 1.8742902 
1.1964217 0.6426301 0.20864935 -0.080668844 0.3066896 -0.2945099 1.8007957 -0.54726845 0.71474445 1.5596554 -0.08402219 1.0964637 -0.59047276 1.1775894 1.9828132 -0.8083582 -0.06678447 1.3768312 -0.4341961 -0.5130795 1.2117497 -0.65985507 1.2395096 1.5141703 0.49682346 1.1107461 -0.38291857 1.5252435 0.66762584 -0.80887544 1.9045078 0.8478421 1.6164361 0.2124416 -0.12629896 -0.49251592 -0.27379617 -0.8097448 0.8667044 -0.17739294 1.0557749 -0.30400714 0.79321086 1.9978155 -0.7964017 -0.78294545 -0.3537698 0.5340522 1.3497607 -0.025442738 -0.43966532 1.5941987 0.9570641 0.7463423 0.5887074 1.7962439 -0.37247702 -0.80399954 1.7895796 -0.74917716 0.027054885 1.5239365 1.2407714 -0.005228806 -0.9918931 0.53982836 -0.21867912 1.8474256 0.25068027 1.2464023 1.225867 -0.9085336 1.7055925 -0.37577668 0.9176636 0.8114598 0.18803288 0.17271636 0.24958554 -0.8790426 0.1520603 0.602889 0.722478 1.0553372 0.8691553 -0.178009 0.83814615 0.008931618 -0.18962945 0.27896512 1.1313314 1.3713163 -0.30944207 -0.39466816 1.4604052 1.4364737 -0.8882078 1.1281748 0.86200273 1.0382863 
fini
-0.7519394 -0.43924394 0.6628418 0.34221998 0.7883246 -0.7390832 1.404117 1.1340975 1.0959464 -0.93306595 
-0.14940691 -0.9490192 0.445216 1.3313624 0.73417526 -0.5146801 -0.4490166 -0.3515698 0.7220605 1.0643415 
-0.63856727 0.020827483 -0.04652079 -0.042419836 1.4866121 1.1149013 0.8107606 0.6539714 1.4919393 1.3077266 
0.44582638 0.40729284 0.7115118 0.11813854 1.3574758 0.9150661 0.85779214 1.7061969 -0.0611498 1.4550424 
0.12743622 -0.98725015 1.8426994 1.0401868 1.8985705 -0.85115516 0.7547416 -0.89065075 1.5268178 -0.6236907 
1.8820225 0.17216113 -0.031098805 0.9456763 -0.5691643 -0.20692666 1.0029566 1.0666531 0.23793454 -0.6717916 
0.8836846 -0.2777336 1.2492552 0.55903274 1.1205039 -0.42550218 0.22120915 0.9742999 0.14792249 -0.18321669 
0.20102724 -0.8628211 0.5886382 1.3914188 0.36403206 1.3090123 1.6817485 -0.28892615 5.7739747E-4 0.80072635 
1.6519977 1.8991565 -0.4304679 -0.36807913 1.141006 0.2552461 0.39146724 -0.57441515 0.37886494 1.6831551 
-0.38316467 -0.86495453 1.441139 0.66210705 0.07076844 1.8568962 0.20977682 0.51555914 -0.5174378 1.5629706 
fini
0.68491995 -0.030080643 0.8323135 0.29764867 0.40695953 0.39598793 0.14642458 1.6880043 -0.3683681 0.8797015 
-0.6856611 1.3111151 0.054497726 0.9485957 1.8258405 -0.4819476 -0.6305964 -0.9179512 -0.4672644 -0.9604812 
-0.49099407 -0.66890323 1.6232289 0.057827707 0.5645547 -0.46670368 1.0059783 1.0270458 -0.98295563 1.0772302 
1.5996175 1.951526 -0.62350106 -0.18603958 1.6649214 -0.04260244 1.1227512 1.6424645 0.92185265 0.87947696 
-0.6901806 -0.1506116 1.8705058 0.11047634 0.2937478 0.124327265 0.51679754 1.6270915 -0.96712124 -0.7594614 
1.6151259 1.6363974 -0.5838817 0.26679087 0.9519367 -0.7806584 0.660255 0.66495377 -0.1609241 -0.4170564 
0.067107685 1.4702748 1.4623805 1.1269422 -0.10820309 -0.23772044 -0.9497079 1.1914907 1.5712985 0.47579283 
-0.5235192 0.13580668 1.0943232 1.5532517 1.5203083 1.9608271 -0.4526794 0.89244413 1.7527921 1.8371487 
-0.56272876 -0.53307956 0.74656725 -0.7490982 1.8139212 1.5562235 -0.58747256 -0.34203476 -0.39678138 -0.3234981 
1.5886985 -0.484697 1.9930234 -0.86924165 1.827315 -0.95114607 -0.85507435 1.6834984 -0.8527851 0.13569675 
fini
0.41429934 0.4195146 -0.66870606 -0.13158141 0.7204332 -0.24420938 -0.088099144 1.3197603 0.16892298 -0.93929523 
fini
fin
